    unsorted:	 775.4310305 769.6348983 764.9268365 779.7585438 782.3157413 741.7448261 739.5687403 726.1736430 718.8070152 708.6132884 809.6795053 829.6595971 826.3734080 680.6443518 646.9326681 885.1559123 915.2861326 911.3701031 952.7706883 964.2742703 985.2976585 994.9567037 624.3817489 574.3456244 504.4996918 483.3932472 465.6568420 428.5054542 429.4624135 1101.759398 203.5676001 338.2454923 313.2423506 180.5891629 117.8215960 116.9097904 148.3956966 153.8164956 123.9940708 102.2816117 222.2861166 248.3078928 94.51028123 80.12722838 57.51201979 58.31933338 65.48380711 45.44383921 36.13335604 40.50313298 28.43833656 17.74816376 0.6099311174 1227.233350 1282.682250 1357.296915 1450.577178 1416.457661 1472.387421 1526.199311 1606.372894 1688.813830 1638.973552 1712.258208 1790.901347 1819.230794 1855.070228 1897.129789 1941.434759 2017.038175 2132.030422 2196.081108 2235.873848 2337.608908 2360.675110 2419.228240 2500.286536 2617.884971 2731.871007 2828.769582 2859.367715 2950.810437 2974.207194 3027.214901 3059.591785 3101.372586 3154.006225 3181.091087 3226.526855 3229.225170 3253.569112 3270.492816 3288.336551 3357.783717 3462.734007 3652.787870 3669.954233 3899.648760 4063.427560 4139.344697 4450.363449 4682.423643 4966.251511 5554.492693 5610.275863 6247.601826 6490.983254 6746.183706 7024.682937 7308.730111 7511.291714 8008.152110 8597.915174 8805.236597 9194.761593 9487.030692 9887.366500 10423.77992 10795.15062 11288.63524 11615.68741 11970.30892 12212.01260 12465.15819 12643.51617 13185.52798 13667.31130 14217.40555 14725.06436 15801.37726 16274.50521 16767.73567 17081.03156 17378.75755 17886.69383 18281.64712 19192.30158 19904.52947 21036.97456 22066.73155 22527.30188 23451.23643 23700.01644 25500.25394 27269.03553 28279.76292 32766.69500 38666.13769 43076.70446 48218.37010 140630.4911
      sorted:	 0.6099311174 17.74816376 28.43833656 36.13335604 40.50313298 45.44383921 57.51201979 58.31933338 65.48380711 80.12722838 94.51028123 102.2816117 116.9097904 117.8215960 123.9940708 148.3956966 153.8164956 180.5891629 203.5676001 222.2861166 248.3078928 313.2423506 338.2454923 428.5054542 429.4624135 465.6568420 483.3932472 504.4996918 574.3456244 624.3817489 646.9326681 680.6443518 708.6132884 718.8070152 726.1736430 739.5687403 741.7448261 764.9268365 769.6348983 775.4310305 779.7585438 782.3157413 809.6795053 826.3734080 829.6595971 885.1559123 911.3701031 915.2861326 952.7706883 964.2742703 985.2976585 994.9567037 1101.759398 1227.233350 1282.682250 1357.296915 1416.457661 1450.577178 1472.387421 1526.199311 1606.372894 1638.973552 1688.813830 1712.258208 1790.901347 1819.230794 1855.070228 1897.129789 1941.434759 2017.038175 2132.030422 2196.081108 2235.873848 2337.608908 2360.675110 2419.228240 2500.286536 2617.884971 2731.871007 2828.769582 2859.367715 2950.810437 2974.207194 3027.214901 3059.591785 3101.372586 3154.006225 3181.091087 3226.526855 3229.225170 3253.569112 3270.492816 3288.336551 3357.783717 3462.734007 3652.787870 3669.954233 3899.648760 4063.427560 4139.344697 4450.363449 4682.423643 4966.251511 5554.492693 5610.275863 6247.601826 6490.983254 6746.183706 7024.682937 7308.730111 7511.291714 8008.152110 8597.915174 8805.236597 9194.761593 9487.030692 9887.366500 10423.77992 10795.15062 11288.63524 11615.68741 11970.30892 12212.01260 12465.15819 12643.51617 13185.52798 13667.31130 14217.40555 14725.06436 15801.37726 16274.50521 16767.73567 17081.03156 17378.75755 17886.69383 18281.64712 19192.30158 19904.52947 21036.97456 22066.73155 22527.30188 23451.23643 23700.01644 25500.25394 27269.03553 28279.76292 32766.69500 38666.13769 43076.70446 48218.37010 140630.4911
