    unsorted:	 695.8884990 699.1529708 678.5545249 646.0840009 638.1441134 612.3665180 599.1695572 584.5288579 746.7684685 762.4855868 549.2255823 541.2157383 844.4366278 840.6450297 911.8331049 886.7009998 919.5546319 969.5203241 437.0183215 1018.022513 1050.272686 366.4954360 345.3486125 308.1082246 287.2729798 228.6603001 230.8374965 245.4883455 210.5780525 202.7333128 130.0771320 126.5129500 123.7000164 143.8985094 115.1593700 164.9137325 102.3772006 92.72562398 94.54186958 88.34550541 79.55184720 71.19236515 65.47505438 53.53110286 26.86162415 43.61598727 11.53289327 18.98420101 1104.851722 1142.128814 1175.713782 1203.872818 1219.636465 1241.300110 1254.336288 1320.912932 1344.778628 1351.213637 1397.908774 1421.206760 1481.237391 1597.207552 1664.446362 1717.737923 1777.095972 1854.517668 1935.122910 2031.815523 2207.257158 2152.212429 2234.301614 2323.815872 2425.285499 2469.401910 2595.916891 2733.825793 2828.140766 2907.883442 2957.888227 3009.620848 3256.032571 3315.276018 3417.084457 3462.385844 3620.109333 3631.483292 3735.858124 3826.313441 3869.399363 4131.876379 4187.599646 4411.968446 4494.478311 4673.649017 4734.161946 4942.096405 5264.604865 5336.183901 5429.937124 5603.560851 5716.288212 5768.070694 5925.226928 6035.308543 6315.193420 6414.262291 6479.763656 7069.158161 7417.819106 7707.804801 7990.640778 8275.931098 9120.304523 9047.470920 9651.108061 9989.989234 10681.55581 11108.99973 11507.30717 12268.98462 13251.54559 13677.22014 14482.48159 14870.74699 17493.69066 18735.32063 19760.26531 21103.77149 22150.12524 23351.00052 23767.04968 27721.36107 28871.47332 30771.62102 31731.89780 32480.73911 34144.25554 35140.30638 36535.74673 38394.67614 40248.15080 43596.90800 46467.54832 51897.34180 58575.90803 67216.16916 72650.83798 136510.0794
      sorted:	 11.53289327 18.98420101 26.86162415 43.61598727 53.53110286 65.47505438 71.19236515 79.55184720 88.34550541 92.72562398 94.54186958 102.3772006 115.1593700 123.7000164 126.5129500 130.0771320 143.8985094 164.9137325 202.7333128 210.5780525 228.6603001 230.8374965 245.4883455 287.2729798 308.1082246 345.3486125 366.4954360 437.0183215 541.2157383 549.2255823 584.5288579 599.1695572 612.3665180 638.1441134 646.0840009 678.5545249 695.8884990 699.1529708 746.7684685 762.4855868 840.6450297 844.4366278 886.7009998 911.8331049 919.5546319 969.5203241 1018.022513 1050.272686 1104.851722 1142.128814 1175.713782 1203.872818 1219.636465 1241.300110 1254.336288 1320.912932 1344.778628 1351.213637 1397.908774 1421.206760 1481.237391 1597.207552 1664.446362 1717.737923 1777.095972 1854.517668 1935.122910 2031.815523 2152.212429 2207.257158 2234.301614 2323.815872 2425.285499 2469.401910 2595.916891 2733.825793 2828.140766 2907.883442 2957.888227 3009.620848 3256.032571 3315.276018 3417.084457 3462.385844 3620.109333 3631.483292 3735.858124 3826.313441 3869.399363 4131.876379 4187.599646 4411.968446 4494.478311 4673.649017 4734.161946 4942.096405 5264.604865 5336.183901 5429.937124 5603.560851 5716.288212 5768.070694 5925.226928 6035.308543 6315.193420 6414.262291 6479.763656 7069.158161 7417.819106 7707.804801 7990.640778 8275.931098 9047.470920 9120.304523 9651.108061 9989.989234 10681.55581 11108.99973 11507.30717 12268.98462 13251.54559 13677.22014 14482.48159 14870.74699 17493.69066 18735.32063 19760.26531 21103.77149 22150.12524 23351.00052 23767.04968 27721.36107 28871.47332 30771.62102 31731.89780 32480.73911 34144.25554 35140.30638 36535.74673 38394.67614 40248.15080 43596.90800 46467.54832 51897.34180 58575.90803 67216.16916 72650.83798 136510.0794
