    unsorted:	 63.05062765 64.43619499 66.35278061 60.78893066 57.49531433 48.70624197 49.56952896 53.95746522 38.57652903 43.05352402 40.61780000 34.83945643 32.41641902 77.47637950 81.84978778 112.8668950 115.0265764 108.3437460 109.7413036 7.819408690 7.854979962 8.637005516 9.307633616 22.43551902 13.69644087 0.3742310003 1.240114718 0.1960128296 131.8713967 148.2567659 157.1809136 169.0871930 195.5954217 224.1616854 234.9760430 259.8671898 253.2754879 280.0829487 289.8242146 332.9064688 367.2972421 359.2655264 375.6543901 401.2647494 418.8714858 607.9855364 602.7642073 600.8517944 594.4444117 597.2167421 613.3788911 580.3788550 452.7416064 562.3924528 519.0132576 492.6135002 658.0604906 682.1538184 684.5315623 669.0677228 695.4693294 727.6411055 746.7176650 770.0730930 792.6822683 830.2067995 889.5588040 939.9028224 971.7227345 993.6299770 1040.482112 1066.015339 1091.395845 1107.608439 1143.596176 1168.967571 1212.408303 1230.043308 1246.524417 1277.037939 1289.895903 1345.380975 1354.888215 1378.056403 1486.967316 1549.931662 1651.835866 1813.891467 1908.490062 1999.182726 2114.781880 2155.566417 2542.827834 2579.492229 2684.885353 2810.435373 2910.968960 3109.852754 3165.540237 3335.724602 3536.902982 3834.341302 4191.675959 4269.252967 4691.645470 4849.420537 4910.669110 5331.302701 5394.074035 5702.060883 5924.390235 6942.217862 7457.798768 7596.154749 7741.919555 8613.859542 9130.126013 10139.84561 10226.58590 10721.70623 11566.19379 12147.02526 13581.99464 14930.55966 15294.73116 17286.09714 18485.75543 19368.77330 20944.89437 22344.96929 23768.79955 24099.46400 25039.89843 27157.28543 27882.03555 30180.50911 30299.87329 32697.87706 36472.20953 38991.77815 41427.86431 43315.10058 47093.89942 49124.55888 53946.67526 62092.74667 69352.52635 136489.6171
      sorted:	 0.1960128296 0.3742310003 1.240114718 7.819408690 7.854979962 8.637005516 9.307633616 13.69644087 22.43551902 32.41641902 34.83945643 38.57652903 40.61780000 43.05352402 48.70624197 49.56952896 53.95746522 57.49531433 60.78893066 63.05062765 64.43619499 66.35278061 77.47637950 81.84978778 108.3437460 109.7413036 112.8668950 115.0265764 131.8713967 148.2567659 157.1809136 169.0871930 195.5954217 224.1616854 234.9760430 253.2754879 259.8671898 280.0829487 289.8242146 332.9064688 359.2655264 367.2972421 375.6543901 401.2647494 418.8714858 452.7416064 492.6135002 519.0132576 562.3924528 580.3788550 594.4444117 597.2167421 600.8517944 602.7642073 607.9855364 613.3788911 658.0604906 669.0677228 682.1538184 684.5315623 695.4693294 727.6411055 746.7176650 770.0730930 792.6822683 830.2067995 889.5588040 939.9028224 971.7227345 993.6299770 1040.482112 1066.015339 1091.395845 1107.608439 1143.596176 1168.967571 1212.408303 1230.043308 1246.524417 1277.037939 1289.895903 1345.380975 1354.888215 1378.056403 1486.967316 1549.931662 1651.835866 1813.891467 1908.490062 1999.182726 2114.781880 2155.566417 2542.827834 2579.492229 2684.885353 2810.435373 2910.968960 3109.852754 3165.540237 3335.724602 3536.902982 3834.341302 4191.675959 4269.252967 4691.645470 4849.420537 4910.669110 5331.302701 5394.074035 5702.060883 5924.390235 6942.217862 7457.798768 7596.154749 7741.919555 8613.859542 9130.126013 10139.84561 10226.58590 10721.70623 11566.19379 12147.02526 13581.99464 14930.55966 15294.73116 17286.09714 18485.75543 19368.77330 20944.89437 22344.96929 23768.79955 24099.46400 25039.89843 27157.28543 27882.03555 30180.50911 30299.87329 32697.87706 36472.20953 38991.77815 41427.86431 43315.10058 47093.89942 49124.55888 53946.67526 62092.74667 69352.52635 136489.6171
