    unsorted:	 675.8819679 673.8503921 681.6521693 670.5144230 659.3404292 643.5270181 640.1385452 709.7353236 741.6212277 747.9118206 764.0505150 787.6982435 801.2202333 816.2055360 821.4261772 609.7715154 868.7455418 880.0806306 895.7699881 926.5872314 936.8476334 973.7983179 986.2176941 992.4863781 1004.316579 568.2115478 1039.758149 1055.323148 1077.066035 1104.061725 1111.791910 534.1455714 500.3911124 492.0967519 434.4504368 444.2171713 1144.733487 1161.446786 390.4235295 352.2469754 1280.676353 286.2057039 268.8474981 1319.016101 199.3389889 178.0005053 104.1586506 106.7989740 111.1762263 89.65019445 77.02688236 68.98561484 62.83859484 53.37206837 42.57111687 20.05205039 8.309546783 6.391971236 1390.343257 1423.266341 1564.368751 1693.845807 1778.925791 1836.916869 1940.804875 2019.613881 2110.475711 2179.432105 2317.722089 2343.928610 2419.381876 2450.608008 2490.257315 2598.772613 2624.258667 2810.737774 2955.745478 3075.482960 3175.048036 3345.248158 3777.106183 4102.739876 4302.986964 4396.370876 4847.923458 4939.879194 5005.212176 5601.161722 5587.997899 5534.971801 5653.580543 5748.234245 5813.322098 5870.862933 5903.063312 5972.257190 6077.521338 6092.405361 6292.314469 6400.507977 6478.393029 6868.831432 7662.767635 7934.271585 8648.244197 9074.952102 9766.897936 11888.61334 12878.13260 13475.81358 14845.73273 15313.23824 18193.78382 18710.11888 20107.80338 21332.23011 21889.96976 22618.23405 23739.86885 23938.57788 24583.46535 25535.80172 25747.62286 26254.39178 26833.22895 28234.71364 28982.74690 29450.02611 30323.07884 30757.16909 32333.98093 32753.62972 35303.80298 36180.38422 37746.51080 38341.31587 39377.11391 40003.95970 41795.51990 43385.05668 56679.96767 144764.4981
      sorted:	 6.391971236 8.309546783 20.05205039 42.57111687 53.37206837 62.83859484 68.98561484 77.02688236 89.65019445 104.1586506 106.7989740 111.1762263 178.0005053 199.3389889 268.8474981 286.2057039 352.2469754 390.4235295 434.4504368 444.2171713 492.0967519 500.3911124 534.1455714 568.2115478 609.7715154 640.1385452 643.5270181 659.3404292 670.5144230 673.8503921 675.8819679 681.6521693 709.7353236 741.6212277 747.9118206 764.0505150 787.6982435 801.2202333 816.2055360 821.4261772 868.7455418 880.0806306 895.7699881 926.5872314 936.8476334 973.7983179 986.2176941 992.4863781 1004.316579 1039.758149 1055.323148 1077.066035 1104.061725 1111.791910 1144.733487 1161.446786 1280.676353 1319.016101 1390.343257 1423.266341 1564.368751 1693.845807 1778.925791 1836.916869 1940.804875 2019.613881 2110.475711 2179.432105 2317.722089 2343.928610 2419.381876 2450.608008 2490.257315 2598.772613 2624.258667 2810.737774 2955.745478 3075.482960 3175.048036 3345.248158 3777.106183 4102.739876 4302.986964 4396.370876 4847.923458 4939.879194 5005.212176 5534.971801 5587.997899 5601.161722 5653.580543 5748.234245 5813.322098 5870.862933 5903.063312 5972.257190 6077.521338 6092.405361 6292.314469 6400.507977 6478.393029 6868.831432 7662.767635 7934.271585 8648.244197 9074.952102 9766.897936 11888.61334 12878.13260 13475.81358 14845.73273 15313.23824 18193.78382 18710.11888 20107.80338 21332.23011 21889.96976 22618.23405 23739.86885 23938.57788 24583.46535 25535.80172 25747.62286 26254.39178 26833.22895 28234.71364 28982.74690 29450.02611 30323.07884 30757.16909 32333.98093 32753.62972 35303.80298 36180.38422 37746.51080 38341.31587 39377.11391 40003.95970 41795.51990 43385.05668 56679.96767 144764.4981
