    unsorted:	 137.9161688 137.6260289 130.1357638 125.4467460 122.3857716 118.6969971 116.5263643 114.0252768 142.7472014 107.5965805 104.0739800 93.41158114 86.87641534 90.86020310 88.94450372 159.8017866 155.1621537 79.29094182 165.7980755 49.58360434 41.72250017 52.45173897 58.34597856 31.53686699 31.23171603 23.55298601 186.8286025 7.738832718 3.344783024 10.35931771 9.385538781 0.4551397451 0.5222551717 194.0215717 212.0471452 242.4927199 301.0893361 289.9247535 326.3724220 422.6169950 442.9015520 455.3272167 469.4428836 683.4341151 684.0596438 678.8866188 688.4626597 670.3605255 696.0772809 650.6497680 600.2386866 604.5180310 637.1274727 544.2466829 515.9176217 718.3507430 763.9432882 778.7798569 801.6385495 806.7708357 829.7197188 839.1170954 886.1201455 900.4938672 921.7087155 940.4445894 1003.521666 1020.584605 1034.559955 1121.478095 1140.962156 1165.841070 1219.654126 1234.669262 1257.817649 1262.057105 1302.825577 1326.355531 1346.897189 1363.403645 1463.059595 1512.813718 1762.408248 1911.834120 2012.929565 2065.043336 2121.205991 2207.612161 2254.046301 2499.960218 2650.648926 2722.662072 2955.721901 3008.201945 3140.309624 3208.819558 3751.995122 4501.768973 4904.949741 5092.743824 5270.555561 5652.458901 6416.898160 6646.214523 6863.006759 7137.820251 7568.505225 8202.546850 9818.044396 10693.38673 10565.92599 11662.27632 12038.99617 12462.55779 14137.37558 14433.85345 14507.38851 15006.56483 15560.53078 17425.75916 18698.85299 21253.62390 22257.76689 23345.92348 23955.71377 27674.31704 28473.19870 28697.03768 35066.47937 38446.45886 41823.39043 42876.07860 53793.83901 68667.22692 83292.03735 153649.3407
      sorted:	 0.4551397451 0.5222551717 3.344783024 7.738832718 9.385538781 10.35931771 23.55298601 31.23171603 31.53686699 41.72250017 49.58360434 52.45173897 58.34597856 79.29094182 86.87641534 88.94450372 90.86020310 93.41158114 104.0739800 107.5965805 114.0252768 116.5263643 118.6969971 122.3857716 125.4467460 130.1357638 137.6260289 137.9161688 142.7472014 155.1621537 159.8017866 165.7980755 186.8286025 194.0215717 212.0471452 242.4927199 289.9247535 301.0893361 326.3724220 422.6169950 442.9015520 455.3272167 469.4428836 515.9176217 544.2466829 600.2386866 604.5180310 637.1274727 650.6497680 670.3605255 678.8866188 683.4341151 684.0596438 688.4626597 696.0772809 718.3507430 763.9432882 778.7798569 801.6385495 806.7708357 829.7197188 839.1170954 886.1201455 900.4938672 921.7087155 940.4445894 1003.521666 1020.584605 1034.559955 1121.478095 1140.962156 1165.841070 1219.654126 1234.669262 1257.817649 1262.057105 1302.825577 1326.355531 1346.897189 1363.403645 1463.059595 1512.813718 1762.408248 1911.834120 2012.929565 2065.043336 2121.205991 2207.612161 2254.046301 2499.960218 2650.648926 2722.662072 2955.721901 3008.201945 3140.309624 3208.819558 3751.995122 4501.768973 4904.949741 5092.743824 5270.555561 5652.458901 6416.898160 6646.214523 6863.006759 7137.820251 7568.505225 8202.546850 9818.044396 10565.92599 10693.38673 11662.27632 12038.99617 12462.55779 14137.37558 14433.85345 14507.38851 15006.56483 15560.53078 17425.75916 18698.85299 21253.62390 22257.76689 23345.92348 23955.71377 27674.31704 28473.19870 28697.03768 35066.47937 38446.45886 41823.39043 42876.07860 53793.83901 68667.22692 83292.03735 153649.3407
