    unsorted:	 200.0000000 -1.959543848e-13 199.9613109 200.0730681 199.8347351 198.9421433 5.189357356e-06 196.5650969 204.6085732 0.9175797951 0.9115311882 0.8491278206 0.5766932959 189.3651770 5.843814583 31.52017797 30.93150052 21.48798298 17.03255993 39.77875597 41.68067425 59.56775586 53.15462029 99.15009286 75.68115733 88.18003874 107.7195817 152.3848951 115.4305609 175.9610677 223.6587771 282.1575510 366.4960199 379.3569064 685.6266469 686.7922423 689.4057120 696.6595834 704.3945992 715.8004545 666.8272489 774.6757011 776.8080492 751.0510028 805.8697443 799.8046160 813.7179085 820.1307501 846.7042988 866.5030874 855.1065153 876.1500296 883.2522843 645.7163621 899.5444331 918.0981842 909.6491904 554.4126124 562.6702036 414.5121574 463.2043436 941.6338954 946.5697379 1026.594004 1061.254532 1073.329180 1180.259893 1218.301563 1240.728437 1349.672390 1382.599421 1475.550910 1497.577664 1617.643641 1700.060496 1754.533968 1786.630756 2033.776222 2061.237982 2086.285237 2176.211904 2287.898592 2407.676502 2525.315097 2557.179761 2650.067653 2756.562306 3003.895433 3015.860375 3161.840426 3240.820647 3357.367057 3530.836236 3613.333343 3920.122259 3927.659109 3932.604448 3898.904425 3859.606262 3749.811445 3726.988048 3973.584621 4003.678182 4084.586411 4128.641544 4170.337101 4211.088880 4288.235809 4364.681813 4459.249845 4578.756663 4800.119115 5179.515400 5767.180211 5965.013073 6202.117091 6703.207155 7124.083920 7888.018102 8120.050686 8348.006305 9733.584500 10441.76217 10715.29131 11953.81332 11923.06667 12442.26318 13447.55932 13811.34541 13994.22084 14305.50936 14718.39302 15234.07778 15412.63179 16349.93904 16528.07186 17619.21024 18113.72322 18786.01115 19271.20434 20120.78188 20721.77404 21090.81020 22771.78855 23462.43127 23717.86124 24732.34356 26148.22493 26580.03748 27484.36549 29299.19714 30307.24782 34528.96583 35664.89610 51541.61087 56479.75803 136702.0006 130342.8377 -312867957.7 313354139.1
      sorted:	 -312867957.7 -1.959543848e-13 5.189357356e-06 0.5766932959 0.8491278206 0.9115311882 0.9175797951 5.843814583 17.03255993 21.48798298 30.93150052 31.52017797 39.77875597 41.68067425 53.15462029 59.56775586 75.68115733 88.18003874 99.15009286 107.7195817 115.4305609 152.3848951 175.9610677 189.3651770 196.5650969 198.9421433 199.8347351 199.9613109 200.0000000 200.0730681 204.6085732 223.6587771 282.1575510 366.4960199 379.3569064 414.5121574 463.2043436 554.4126124 562.6702036 645.7163621 666.8272489 685.6266469 686.7922423 689.4057120 696.6595834 704.3945992 715.8004545 751.0510028 774.6757011 776.8080492 799.8046160 805.8697443 813.7179085 820.1307501 846.7042988 855.1065153 866.5030874 876.1500296 883.2522843 899.5444331 909.6491904 918.0981842 941.6338954 946.5697379 1026.594004 1061.254532 1073.329180 1180.259893 1218.301563 1240.728437 1349.672390 1382.599421 1475.550910 1497.577664 1617.643641 1700.060496 1754.533968 1786.630756 2033.776222 2061.237982 2086.285237 2176.211904 2287.898592 2407.676502 2525.315097 2557.179761 2650.067653 2756.562306 3003.895433 3015.860375 3161.840426 3240.820647 3357.367057 3530.836236 3613.333343 3726.988048 3749.811445 3859.606262 3898.904425 3920.122259 3927.659109 3932.604448 3973.584621 4003.678182 4084.586411 4128.641544 4170.337101 4211.088880 4288.235809 4364.681813 4459.249845 4578.756663 4800.119115 5179.515400 5767.180211 5965.013073 6202.117091 6703.207155 7124.083920 7888.018102 8120.050686 8348.006305 9733.584500 10441.76217 10715.29131 11923.06667 11953.81332 12442.26318 13447.55932 13811.34541 13994.22084 14305.50936 14718.39302 15234.07778 15412.63179 16349.93904 16528.07186 17619.21024 18113.72322 18786.01115 19271.20434 20120.78188 20721.77404 21090.81020 22771.78855 23462.43127 23717.86124 24732.34356 26148.22493 26580.03748 27484.36549 29299.19714 30307.24782 34528.96583 35664.89610 51541.61087 56479.75803 130342.8377 136702.0006 313354139.1
