    unsorted:	 155.0841907 153.9835056 151.9594548 166.0046688 140.4515733 113.0485529 109.2904239 107.5819550 127.1220003 103.1178939 94.89383964 186.7806857 197.5747561 203.2024230 211.2995323 77.14662590 69.41446047 56.92410961 251.7101654 34.73900308 273.4052268 41.30695628 310.6216794 324.7313454 359.9997869 369.6765900 389.8208255 464.9194990 16.64082418 480.7382904 487.4909800 503.6457257 584.4031904 555.4397450 607.4690659 641.6553486 652.8697281 663.9991063 681.0146306 711.6594818 727.4877318 775.1658222 815.7740475 844.3834673 836.9545688 869.5926084 892.8632540 956.9633962 987.3477258 1020.770237 1070.548343 1131.461058 1201.032571 1192.284829 1181.248336 1227.848329 1306.298954 1343.738376 1364.835151 1385.884862 1399.403436 1471.580562 1501.068194 1545.681237 1664.489555 1744.990475 1801.724669 1960.178594 2047.752697 2298.988188 2163.134997 2312.876702 2358.186192 2396.126474 2458.431792 2653.336491 2781.651961 2870.070122 2978.909981 3197.362376 3258.603010 3364.841264 3468.208420 3743.844162 3788.824178 3851.807776 3960.065892 4015.581243 4167.903378 4458.517401 4499.359977 4607.576035 4636.816753 5071.165911 5231.575539 5331.071680 5466.240927 5825.113664 6007.927758 6224.996129 6361.684025 6749.434842 7101.718038 7447.421101 7811.569250 8412.317181 8710.406529 9199.167981 9414.657172 10227.20229 10802.61707 11087.09294 11607.70780 11824.38507 12974.39968 13966.59814 15219.94342 18175.49074 20115.01202 20750.82277 21730.65166 23335.11948 27473.52877 28124.44775 30390.43258 31982.64536 33376.63176 35864.49011 36468.28507 42211.84328 42953.34807 45055.48589 58672.63832 66939.77611 69183.46797 153545.6716
      sorted:	 16.64082418 34.73900308 41.30695628 56.92410961 69.41446047 77.14662590 94.89383964 103.1178939 107.5819550 109.2904239 113.0485529 127.1220003 140.4515733 151.9594548 153.9835056 155.0841907 166.0046688 186.7806857 197.5747561 203.2024230 211.2995323 251.7101654 273.4052268 310.6216794 324.7313454 359.9997869 369.6765900 389.8208255 464.9194990 480.7382904 487.4909800 503.6457257 555.4397450 584.4031904 607.4690659 641.6553486 652.8697281 663.9991063 681.0146306 711.6594818 727.4877318 775.1658222 815.7740475 836.9545688 844.3834673 869.5926084 892.8632540 956.9633962 987.3477258 1020.770237 1070.548343 1131.461058 1181.248336 1192.284829 1201.032571 1227.848329 1306.298954 1343.738376 1364.835151 1385.884862 1399.403436 1471.580562 1501.068194 1545.681237 1664.489555 1744.990475 1801.724669 1960.178594 2047.752697 2163.134997 2298.988188 2312.876702 2358.186192 2396.126474 2458.431792 2653.336491 2781.651961 2870.070122 2978.909981 3197.362376 3258.603010 3364.841264 3468.208420 3743.844162 3788.824178 3851.807776 3960.065892 4015.581243 4167.903378 4458.517401 4499.359977 4607.576035 4636.816753 5071.165911 5231.575539 5331.071680 5466.240927 5825.113664 6007.927758 6224.996129 6361.684025 6749.434842 7101.718038 7447.421101 7811.569250 8412.317181 8710.406529 9199.167981 9414.657172 10227.20229 10802.61707 11087.09294 11607.70780 11824.38507 12974.39968 13966.59814 15219.94342 18175.49074 20115.01202 20750.82277 21730.65166 23335.11948 27473.52877 28124.44775 30390.43258 31982.64536 33376.63176 35864.49011 36468.28507 42211.84328 42953.34807 45055.48589 58672.63832 66939.77611 69183.46797 153545.6716
