    unsorted:	 697.6170546 699.2006375 678.5544976 646.0837339 638.1397496 612.2980288 599.0575338 584.5287842 746.7080858 762.4791163 545.8570986 537.6211958 844.3703108 840.4177931 911.8330588 886.6893422 919.5331377 969.5187461 437.0185341 1017.238671 1050.269170 366.4932729 345.3196890 308.1093185 286.9587962 228.8394595 224.9814447 243.4763399 210.5171503 202.6676881 164.9122240 143.8984593 130.0746705 126.5103479 123.6980695 114.8959053 92.72574254 101.7375634 88.34212973 79.43991440 72.06862573 59.15011585 53.42361999 26.86507796 32.83248508 30.20490693 11.52226551 18.73828623 1104.342003 1142.126809 1175.639086 1203.670172 1219.632701 1241.283797 1254.333126 1320.909968 1344.729470 1351.209390 1397.903416 1421.181868 1481.016114 1596.495711 1663.639059 1717.708939 1775.847074 1854.224578 1933.804826 2030.988925 2207.303296 2150.173965 2231.891695 2323.506580 2422.856901 2469.006811 2595.082721 2733.784789 2827.886984 2906.355549 2957.729185 3009.298881 3255.438904 3315.135883 3417.000524 3460.255152 3619.536134 3628.578199 3734.375606 3826.216215 3865.629175 4127.417202 4187.298275 4411.968701 4493.098490 4673.523988 4733.925799 4941.614338 5264.337755 5333.462634 5429.265162 5598.139974 5712.089624 5767.810435 5921.231433 6030.530442 6315.120588 6413.166551 6470.958036 7063.493504 7408.368763 7707.233672 7983.475931 8252.100761 9025.006955 9119.989331 9648.704730 9988.591356 10681.49240 11107.34587 11477.78496 12265.31114 13240.33623 13658.57249 14471.61564 14867.93681 17493.62526 18722.38552 19758.25959 21090.72076 22123.92641 23350.95709 23766.60591 27718.31126 28868.82399 30765.26402 31727.93774 32478.79080 34144.19687 35140.17578 36532.31526 38394.10306 40234.42679 43592.26175 46467.53888 51894.45013 58575.88060 67213.82743 72650.80676 136510.0794
      sorted:	 11.52226551 18.73828623 26.86507796 30.20490693 32.83248508 53.42361999 59.15011585 72.06862573 79.43991440 88.34212973 92.72574254 101.7375634 114.8959053 123.6980695 126.5103479 130.0746705 143.8984593 164.9122240 202.6676881 210.5171503 224.9814447 228.8394595 243.4763399 286.9587962 308.1093185 345.3196890 366.4932729 437.0185341 537.6211958 545.8570986 584.5287842 599.0575338 612.2980288 638.1397496 646.0837339 678.5544976 697.6170546 699.2006375 746.7080858 762.4791163 840.4177931 844.3703108 886.6893422 911.8330588 919.5331377 969.5187461 1017.238671 1050.269170 1104.342003 1142.126809 1175.639086 1203.670172 1219.632701 1241.283797 1254.333126 1320.909968 1344.729470 1351.209390 1397.903416 1421.181868 1481.016114 1596.495711 1663.639059 1717.708939 1775.847074 1854.224578 1933.804826 2030.988925 2150.173965 2207.303296 2231.891695 2323.506580 2422.856901 2469.006811 2595.082721 2733.784789 2827.886984 2906.355549 2957.729185 3009.298881 3255.438904 3315.135883 3417.000524 3460.255152 3619.536134 3628.578199 3734.375606 3826.216215 3865.629175 4127.417202 4187.298275 4411.968701 4493.098490 4673.523988 4733.925799 4941.614338 5264.337755 5333.462634 5429.265162 5598.139974 5712.089624 5767.810435 5921.231433 6030.530442 6315.120588 6413.166551 6470.958036 7063.493504 7408.368763 7707.233672 7983.475931 8252.100761 9025.006955 9119.989331 9648.704730 9988.591356 10681.49240 11107.34587 11477.78496 12265.31114 13240.33623 13658.57249 14471.61564 14867.93681 17493.62526 18722.38552 19758.25959 21090.72076 22123.92641 23350.95709 23766.60591 27718.31126 28868.82399 30765.26402 31727.93774 32478.79080 34144.19687 35140.17578 36532.31526 38394.10306 40234.42679 43592.26175 46467.53888 51894.45013 58575.88060 67213.82743 72650.80676 136510.0794
