    unsorted:	 733.9214228 733.4684630 739.0393113 745.1786207 756.2136619 752.8895898 760.6799981 772.4044469 781.0036545 717.2395668 710.6037872 791.1517517 695.2518792 688.7589768 800.2457735 815.6495873 837.5997879 839.7943837 849.0154501 660.4343670 646.2924564 623.1453017 889.6539335 583.3683209 924.0594372 555.9559330 957.7648816 1008.798504 1031.930412 457.7060970 396.6284602 380.8038726 350.3447510 292.8381926 1139.478900 1208.649393 1220.640973 1250.580758 234.5317836 166.7784907 180.0925248 117.9480769 123.3774846 109.8308487 97.25242113 61.26036244 52.54477660 43.96218669 31.68429917 0.1089293192 19.64210757 2.088469475 7.525022398 1300.859744 1392.059100 1462.831004 1541.732584 1632.890080 1803.666502 1965.110622 2046.188206 2251.750131 2292.229144 2580.067540 2769.930686 2802.720977 2966.648421 3159.152528 3286.735196 3455.004244 3818.332623 3924.896107 3999.779218 4499.411596 5041.517680 5233.504111 5339.078096 5600.185144 5956.804234 5949.850356 6012.427986 5812.229079 6070.297510 6133.528089 6242.584707 6247.388457 6367.790371 6489.541052 6533.342263 6825.746959 7285.442123 8062.465705 9706.163578 10208.01732 11732.51731 12549.09018 13347.74679 15201.83337 16279.43502 17218.98857 19184.16085 20342.12249 20736.66232 21588.86742 21204.36123 22083.11204 22471.02661 22652.39868 23293.80669 23722.66563 24600.45240 25315.57423 25633.27827 26531.31407 27022.95771 27503.91492 28471.59939 29572.92022 29792.98742 30764.53288 31028.74442 33155.48859 34026.48521 35927.99879 38432.25281 38849.82571 40496.01012 52015.22205 59650.86200 164119.0174
      sorted:	 0.1089293192 2.088469475 7.525022398 19.64210757 31.68429917 43.96218669 52.54477660 61.26036244 97.25242113 109.8308487 117.9480769 123.3774846 166.7784907 180.0925248 234.5317836 292.8381926 350.3447510 380.8038726 396.6284602 457.7060970 555.9559330 583.3683209 623.1453017 646.2924564 660.4343670 688.7589768 695.2518792 710.6037872 717.2395668 733.4684630 733.9214228 739.0393113 745.1786207 752.8895898 756.2136619 760.6799981 772.4044469 781.0036545 791.1517517 800.2457735 815.6495873 837.5997879 839.7943837 849.0154501 889.6539335 924.0594372 957.7648816 1008.798504 1031.930412 1139.478900 1208.649393 1220.640973 1250.580758 1300.859744 1392.059100 1462.831004 1541.732584 1632.890080 1803.666502 1965.110622 2046.188206 2251.750131 2292.229144 2580.067540 2769.930686 2802.720977 2966.648421 3159.152528 3286.735196 3455.004244 3818.332623 3924.896107 3999.779218 4499.411596 5041.517680 5233.504111 5339.078096 5600.185144 5812.229079 5949.850356 5956.804234 6012.427986 6070.297510 6133.528089 6242.584707 6247.388457 6367.790371 6489.541052 6533.342263 6825.746959 7285.442123 8062.465705 9706.163578 10208.01732 11732.51731 12549.09018 13347.74679 15201.83337 16279.43502 17218.98857 19184.16085 20342.12249 20736.66232 21204.36123 21588.86742 22083.11204 22471.02661 22652.39868 23293.80669 23722.66563 24600.45240 25315.57423 25633.27827 26531.31407 27022.95771 27503.91492 28471.59939 29572.92022 29792.98742 30764.53288 31028.74442 33155.48859 34026.48521 35927.99879 38432.25281 38849.82571 40496.01012 52015.22205 59650.86200 164119.0174
